2022-08-29 10:38;186.5;3202.25;0.9;0.9;226.2;210.0;13.5;650.7;0.5;0.1;226.8;13.0;214.1;3950.35;0.9;1.1;228.0;218.0
2022-08-29 10:39;186.3;3206.0667;0.9;0.9;226.4;186.0;13.4;650.9333;0.5;0.1;226.95;13.0;214.1;3954.5333;0.9;1.1;227.95;214.0
2022-08-29 10:40;185.35;3208.65;0.9;0.9;226.15;186.0;13.25;651.15;0.5;0.1;225.8;14.0;213.45;3957.5;0.9;1.1;227.95;212.0
2022-08-29 10:41;184.5;3211.8;0.9;0.9;226.2;185.0;13.15;651.4;0.5;0.1;225.75;13.0;213.55;3961.05;0.8;1.1;228.35;211.0
2022-08-29 10:42;184.35;3215.9;0.9;0.9;225.8333;184.0;13.2333;651.6667;0.5;0.1;226.6;13.0;217.3833;3965.7167;0.8833;1.1;228.4;212.0
2022-08-29 10:43;182.6;3219.5;0.9;0.9;224.675;183.5;13.25;651.9;0.5;0.1;226.45;13.0;225.35;3969.9;0.85;1.15;228.925;215.0
2022-08-29 10:44;182.8;3222.5;0.9;0.9;225.9;182.0;13.3667;652.1;0.5;0.1;226.6667;14.0;210.9667;3973.4;0.9;1.1;228.8667;212.0
2022-08-29 10:46;182.55;3225.5;0.9;0.9;226.05;182.0;13.2;652.4;0.5;0.1;226.6;13.0;211.15;3976.9;0.9;1.1;228.95;211.5
2022-08-29;10:48;181.9;3231.6;0.9;0.9;226.2;182.0;13.4;652.8;0.5;0.1;227.1;13.0;208.85;3984.0;0.85;1.1;228.85;209.0
2022-08-29;10:49;181.45;3235.6;0.9;0.9;226.35;181.0;13.45;653.0667;0.5;0.1;227.2;13.0;210.05;3988.6;0.9;1.1;228.45;209.0
2022-08-29;10:50;181.1667;3237.6;0.9;0.9;226.2;181.0;13.3;653.2;0.5;0.1;227.0;13.0;216.8167;3991.0;0.8833;1.0833;228.8;210.0
2022-08-29;10:51;180.5667;3241.6;0.9;0.9;226.2;181.0;13.2833;653.5;0.5;0.1;226.6;13.0;213.8333;3995.6333;0.85;1.1;229.15;208.0
2022-08-29;10:52;180.1;3243.6;0.9;0.9;226.4;180.0;13.5333;653.7;0.5;0.1;227.4;13.0;215.7667;3997.9;0.8667;1.1;228.7333;213.0
2022-08-29;10:53;212.2778;3246.9889;0.7222;1.3;225.9222;205.0;14.0111;653.9222;0.5;0.1;227.1778;14.0;216.3778;4001.8889;0.8667;1.1111;228.6556;211.0
2022-08-29;10:54;131.0308;3251.0583;0.6;1.0;225.825;141.0;14.6917;654.1833;0.5;0.1;227.175;14.0;222.25;4006.4583;0.8917;1.1167;228.6917;211.0
2022-08-29;10:55;131.4125;3252.8889;0.6;1.0;225.6889;131.0;14.3778;654.3667;0.5;0.1;227.1778;14.0;220.9667;4009.3;0.8889;1.1111;228.4333;215.0
2022-08-29;10:56;131.6769;3255.5692;0.6;1.0;225.8;131.0;14.5846;654.6923;0.5;0.1;227.1923;14.0;219.7769;4013.7615;0.9;1.1;228.5692;218.0
2022-08-29;10:57;105.64;3257.62;0.6;0.8133;226.06;130.0;14.2067;654.88;0.5;0.1;227.0933;14.0;218.1533;4017.14;0.8867;1.0933;228.8733;215.0
2022-08-29;10:58;75.6;3259.0;0.6;0.6;226.05;76.0;14.15;655.0;0.5;0.1;226.95;14.0;209.55;4019.3;0.85;1.1;229.15;211.0
2022-08-29;10:59;42.5333;3260.4;0.6;0.3333;226.7;49.0;13.9;655.35;0.5;0.1;227.4333;14.0;208.1667;4023.65;0.9;1.0667;228.8333;206.0
2022-08-29;11:00;25.65;3261.0;0.6;0.2;226.65;26.0;14.05;655.5;0.5;0.1;227.15;14.0;205.45;4026.2;0.85;1.05;229.15;205.0
2022-08-29;11:01;25.75;3261.5;0.6;0.2;226.95;26.0;13.9;655.7;0.5;0.1;227.35;14.0;204.3;4029.6;0.8;1.05;229.0;206.0
2022-08-29;11:02;25.65;3261.9;0.6;0.2;226.8;26.0;13.3;655.9;0.5;0.1;226.75;13.0;202.8;4033.0;0.8;1.0;229.5;205.0
2022-08-29;11:03;25.9;3262.3;0.6;0.2;226.95;26.0;12.95;656.2;0.45;0.1;225.95;13.0;207.2;4036.5;0.85;1.05;229.8;206.0
2022-08-29;11:04;25.85;3262.7;0.6;0.2;227.05;26.0;13.15;656.4;0.5;0.1;226.0;13.0;204.0;4039.9;0.9;1.0;230.15;203.0
2022-08-29;11:05;23.7333;3263.3333;0.5333;0.2;227.4333;26.0;13.0;656.6667;0.5;0.1;226.1;13.0;207.1333;4044.4333;0.8333;1.0333;230.5333;205.0
2022-08-29;11:06;18.8;3263.6;0.4;0.2;227.45;19.0;13.05;656.8;0.5;0.1;227.25;13.0;202.7;4046.7;0.8;1.0;229.95;204.0
2022-08-29;11:07;18.9;3263.9;0.4;0.2;227.65;19.0;13.05;657.0;0.5;0.1;226.45;13.0;203.3;4050.1;0.8;1.0;230.45;204.0
2022-08-29;11:08;23.55;3264.3;0.475;0.2;227.525;22.0;13.1;657.275;0.5;0.1;226.375;13.0;203.575;4054.35;0.825;1.0;230.475;204.0
2022-08-29;11:09;19.05;3264.7333;0.4;0.2;227.55;24.0;13.05;657.5667;0.5;0.1;226.65;13.0;202.7;4058.0;0.9;1.0;230.25;203.0
2022-08-29;11:10;76.45;3265.0;0.6;0.55;227.875;60.0;13.15;657.7;0.5;0.1;226.5;13.0;209.375;4060.2;0.9;1.075;230.025;206.0
2022-08-29;11:11;77.3;3266.0;0.6333;0.5667;227.6667;82.0;13.6;657.9;0.5;0.1;227.9333;13.0;206.1667;4063.7;0.8667;1.0;229.3;205.0
2022-08-29;11:12;68.3667;3267.3;0.6;0.5;227.5333;68.0;13.5667;658.1;0.5;0.1;227.7667;14.0;166.2667;4067.1;0.7333;0.9333;229.2667;183.0
2022-08-29;11:13;73.975;3268.775;0.625;0.525;227.9;69.0;13.45;658.375;0.5;0.1;226.9;13.0;143.575;4070.7;0.725;0.8;229.375;144.0
2022-08-29;11:14;79.0167;3269.6;0.65;0.55;227.9167;74.0;13.5667;658.6;0.5;0.1;227.1333;14.0;147.7;4072.5;0.7167;0.85;228.9833;144.0
2022-08-29;11:15;164.0167;3270.8;0.7167;1.0333;227.45;100.0;13.55;658.8;0.5;0.1;228.1333;14.0;146.5833;4074.9;0.7167;0.8667;229.3167;145.0
2022-08-29;11:16;177.3833;3272.6;0.8;1.0;227.4167;177.0;13.45;659.0;0.5;0.1;227.5;13.0;150.9833;4077.3;0.7167;0.8833;229.4;145.0
2022-08-29;11:17;148.1429;3275.5;0.9143;0.7714;227.2;149.0;13.3286;659.2;0.5;0.1;227.6286;13.0;150.8571;4079.7;0.7;0.8714;230.1;146.0
2022-08-29;11:18;127.6;3278.0;1.0;0.6;227.6;127.0;13.3;659.4;0.5;0.1;227.5;13.0;143.15;4082.2;0.7;0.8;229.6;145.0
2022-08-29;11:19;128.3;3281.15;1.0;0.6;227.2667;128.0;13.1667;659.8;0.5;0.1;227.5;13.0;146.0333;4085.8;0.7;0.8333;230.4667;145.0
2022-08-29;11:20;128.5;3282.2;1.0;0.6;227.3;128.0;13.2;659.9;0.5;0.1;227.5;13.0;145.2;4087.0;0.725;0.8;230.5;144.0
2022-08-29;11:21;128.55;3284.3;1.0;0.6;228.05;128.0;13.2;660.1;0.5;0.1;227.8;13.0;144.8;4089.4;0.7;0.8;230.4;145.0
2022-08-29;11:22;128.7667;3287.2;1.0;0.6;228.0667;128.0;13.3333;660.3667;0.5;0.1;228.0;13.0;136.5667;4092.6;0.7;0.8;230.3667;145.0
2022-08-29;11:23;128.575;3288.6;1.0;0.6;227.85;128.0;14.1;660.5;0.5;0.1;227.95;13.0;126.475;4094.2;0.7;0.825;230.575;129.0
2022-08-29;11:24;128.6;3290.7;1.0;0.6;227.76;128.0;14.36;660.7;0.5;0.1;228.5;14.0;129.86;4096.3;0.7;0.82;229.98;127.0
2022-08-29;11:25;1641.581;3297.94;0.915;7.975;227.05;677.0;1682.395;665.185;0.855;8.215;227.095;560.0;413.225;4099.58;0.58;2.92;229.95;149.0
2022-08-29;11:26;1681.1917;3315.38;0.86;8.592;226.696;1688.0;1705.464;681.66;0.804;9.084;227.792;1703.0;284.436;4102.82;0.504;2.924;230.0;284.0
2022-08-29;11:27;1257.23;3353.09;0.86;6.43;226.79;1787.0;1108.91;718.58;0.74;5.89;226.45;1708.0;127.42;4107.94;0.64;0.94;230.14;193.0
2022-08-29;11:28;1252.9;3373.4;0.87;6.45;226.49;1361.0;1103.11;737.25;0.76;5.85;226.94;1211.0;127.73;4109.95;0.7;0.82;229.6;127.0
2022-08-29;11:29;1040.8385;3391.7615;0.825;5.8833;226.65;1091.0;902.4167;753.4385;0.675;5.325;227.2667;946.0;125.5583;4111.8077;0.6917;0.8;229.7;126.0
2022-08-29;11:30;1513.1952;3410.0636;0.8727;7.6182;226.8545;1174.0;1377.7045;769.9727;0.7864;7.3909;226.6636;1131.0;175.1682;4114.5182;0.5773;1.6182;230.2091;237.0
2022-08-29;11:31;1786.1048;3426.8429;0.9;8.9;226.5714;1784.0;2185.8905;786.6286;0.8952;10.4905;227.1857;1948.0;677.2524;4118.0571;0.6333;4.3857;229.6048;436.0
2022-08-29;11:32;1832.4273;3453.6727;0.9;8.8227;227.1045;1816.0;1948.0455;815.7864;0.8727;9.7364;226.6955;1828.0;437.1955;4124.6364;0.5455;3.5273;230.35;312.0
2022-08-29;11:33;1803.66;3482.5;0.8867;8.76;227.0533;1835.0;1651.0267;844.9;0.8667;8.34;228.08;1699.0;165.2;4129.6;0.5933;1.26;229.9067;182.0
2022-08-29;11:34;1816.0111;3513.2;0.9;8.7444;226.8444;1834.0;1680.3667;873.2;0.8889;8.3111;228.3444;1633.0;172.1333;4132.6;0.6444;1.1222;229.4556;137.0
2022-08-29;11:35;1554.1667;3550.3444;0.8889;7.5889;226.9556;1791.0;1356.3222;906.3333;0.8222;7.0;227.1333;1606.0;126.6778;4135.3889;0.6556;0.8111;230.1667;132.0
2022-08-29;11:36;1138.8846;3582.1769;0.8154;6.1308;227.3;1338.0;946.5308;934.6769;0.6692;5.4769;228.8615;1174.0;124.4538;4138.0231;0.6538;0.8;229.7308;125.0
2022-08-29;11:37;1280.6231;3609.7385;0.8;6.8846;227.3154;1546.0;1088.8308;959.0231;0.6846;6.2923;228.9538;1362.0;124.9846;4140.2308;0.6769;0.8077;229.8;127.0
2022-08-29;11:38;821.4667;3624.175;0.85;4.2833;227.825;618.0;671.4917;971.35;0.5917;3.725;228.525;448.0;124.7917;4141.725;0.6667;0.8;230.7167;126.0
2022-08-29;11:39;1057.7462;3636.6357;0.7615;6.4615;227.7538;1324.0;916.0846;981.1429;0.6077;5.8769;229.7077;1186.0;124.5692;4143.7714;0.6846;0.8;230.5154;124.0
2022-08-29;11:40;604.8;3654.0;0.8833;3.4333;227.6;485.0;458.6833;996.7;0.5333;2.8833;229.9167;340.0;128.6333;4145.5;0.6833;0.8333;230.4833;125.0
2022-08-29;11:41;164.35;3662.0;1.0;0.7;227.5;164.0;13.7;1002.3;0.5;0.1;229.4;14.0;124.5;4147.5;0.7;0.8;230.0;124.0
2022-08-29;11:42;137.9667;3664.8;1.0;0.6333;227.6333;155.0;13.8667;1002.5;0.5;0.1;229.7667;14.0;125.9333;4149.7;0.7;0.8;230.4667;125.0
2022-08-29;11:43;125.0;3667.3;1.0;0.6;228.0;125.0;14.05;1002.8;0.5;0.1;230.4;14.0;124.2;4151.7;0.7;0.8;230.0;125.0
2022-08-29;11:44;125.05;3669.5;1.0;0.6;228.35;125.0;14.0;1003.0;0.5;0.1;230.85;14.0;123.5;4153.9;0.7;0.8;230.75;124.0
2022-08-29;11:45;124.8;3671.5;1.0;0.6;228.5;125.0;13.9333;1003.2;0.5;0.1;230.9667;14.0;124.5667;4155.9;0.7;0.8;230.8333;126.0
2022-08-29;11:46;124.675;3673.7;1.0;0.6;228.45;124.0;13.975;1003.4;0.5;0.1;230.95;14.0;126.7;4158.0;0.7;0.825;231.1;124.0
2022-08-29;11:47;124.55;3675.7;1.0;0.6;229.05;125.0;14.05;1003.7;0.5;0.1;231.25;14.0;125.15;4160.1;0.65;0.8;231.55;125.0
2022-08-29;11:48;124.6667;3677.9;1.0;0.6;228.7333;124.0;13.9333;1003.9;0.5;0.1;231.4333;14.0;123.5;4162.1;0.7;0.8;231.5667;124.0
2022-08-29;11:49;124.575;3680.32;1.0;0.6;228.95;124.0;14.2;1004.14;0.5;0.1;231.5;14.0;125.9;4164.7;0.675;0.825;231.775;125.0
2022-08-29;11:50;124.45;3682.0;1.0;0.6;229.05;124.0;14.05;1004.3;0.5;0.1;231.5;14.0;123.75;4166.3;0.7;0.8;231.85;125.0
2022-08-29;11:51;124.35;3684.0;1.0;0.6;229.15;126.0;13.95;1004.6;0.5;0.1;231.65;16.0;123.3;4168.5;0.7;0.8;232.05;124.0
2022-08-29;11:52;1606.1115;3691.8538;0.8846;7.9462;229.9885;1120.0;2182.5654;1012.3385;0.8538;10.3077;228.4038;1471.0;846.6923;4173.6077;0.6423;5.0538;232.3192;608.0
2022-08-29;11:53;164.86;3704.8;0.84;0.86;230.46;507.0;13.64;1029.3;0.5;0.1;229.98;565.0;125.54;4180.6;0.7;0.8;232.4;328.0
2022-08-29;11:54;178.6286;3714.0286;0.8;0.9286;230.2;175.0;13.8857;1038.7857;0.5;0.1;230.7;14.0;128.2143;4186.8;0.6857;0.8286;231.7857;127.0
2022-08-29;11:55;175.2;3716.1;0.8;0.95;229.7;175.0;13.9;1039.0;0.5;0.1;230.45;14.0;123.45;4188.3;0.65;0.8;231.15;125.0
2022-08-29;11:56;175.62;3719.6;0.8;0.99;229.64;175.0;14.31;1039.24;0.5;0.1;230.24;14.0;133.67;4190.72;0.68;0.85;230.85;127.0
2022-08-29;11:57;176.1;3722.9667;0.8;1.0;229.7;176.0;14.7;1039.5;0.5;0.1;230.7;15.0;124.6;4193.1333;0.7;0.8;230.6;125.0
2022-08-29;11:58;176.1;3724.9;0.8;1.0;229.875;176.0;14.75;1039.7;0.5;0.1;230.925;15.0;126.925;4194.6;0.7;0.8;230.75;125.0
2022-08-29;11:59;141.7333;3728.425;0.9333;0.7333;230.3;148.0;14.7333;1039.95;0.5;0.1;231.3333;15.0;125.4667;4197.15;0.7;0.8;231.4;125.0
2022-08-29;12:00;124.3;3730.9667;1.0;0.5667;230.5;124.0;14.7;1040.2333;0.5;0.1;231.5333;15.0;126.3667;4199.4667;0.7;0.8333;231.4667;124.0
2022-08-29;12:01;124.6;3732.3;1.0;0.6;230.6667;124.0;14.7667;1040.5;0.5;0.1;231.7667;15.0;127.8333;4200.8;0.7;0.8;231.7;125.0
2022-08-29;12:02;124.1;3734.7333;1.0;0.5167;230.7167;124.0;14.6667;1040.7333;0.5;0.1;232.6833;15.0;126.7;4203.3333;0.7;0.8167;232.3333;124.0
2022-08-29;12:03;124.1667;3737.1;1.0;0.5833;230.45;124.0;13.9833;1041.0;0.5;0.1;232.2333;14.0;127.9667;4205.7333;0.7;0.8167;232.65;125.0
2022-08-29;12:04;123.8;3738.5;1.0;0.6;229.7;124.0;14.0;1041.2;0.5;0.1;232.45;14.0;124.55;4207.2;0.7;0.8;232.0;125.0
2022-08-29;12:05;123.94;3740.92;1.0;0.6;230.16;124.0;14.32;1041.44;0.5;0.1;232.64;14.0;126.24;4209.62;0.7;0.8;232.1;124.0
2022-08-29;12:06;124.125;3742.6;1.0;0.525;230.725;124.0;14.25;1041.6;0.5;0.1;232.575;14.0;127.575;4211.3;0.675;0.825;232.075;125.0
2022-08-29;12:07;124.2;3744.6;1.0;0.5;231.0;124.0;13.95;1041.9;0.5;0.1;232.15;14.0;123.35;4213.3;0.7;0.8;232.65;124.0
2022-08-29;12:08;124.02;3746.7;1.0;0.5;230.66;124.0;14.08;1042.1;0.5;0.1;232.32;14.0;129.0;4215.5;0.7;0.84;232.08;126.0
2022-08-29;12:09;124.15;3748.7;1.0;0.5;230.85;124.0;14.05;1042.3;0.5;0.1;232.2;14.0;122.6;4217.6;0.7;0.8;232.1;124.0
2022-08-29;12:10;189.05;3751.25;0.8333;1.0;230.75;166.0;14.0667;1042.55;0.5;0.1;232.4667;14.0;126.0667;4219.9667;0.7;0.8;232.6667;125.0
2022-08-29;12:11;184.1667;3753.5;0.8;0.9667;231.5333;188.0;14.1;1042.8;0.5;0.1;232.4333;14.0;124.7667;4221.8;0.7;0.8;231.1333;125.0
2022-08-29;12:12;175.6;3756.6;0.8;0.9;231.85;175.0;14.05;1043.0;0.5;0.1;232.85;14.0;123.15;4223.8;0.7;0.8;231.6;124.0
2022-08-29;12:13;111.8333;3759.6;0.6667;0.7;232.7667;139.0;13.9333;1043.2;0.5;0.1;232.9333;14.0;125.5333;4226.0;0.7;0.8;232.2;125.0
2022-08-29;12:14;79.675;3762.225;0.6;0.6;232.35;79.0;13.9375;1043.475;0.4875;0.1;232.7125;14.0;345.6375;4228.75;0.8125;1.6625;231.3125;180.0
2022-08-29;12:15;80.5;3763.46;0.6;0.6;233.28;80.0;14.48;1043.74;0.5;0.1;232.82;14.0;203.02;4231.66;0.8;1.04;231.94;199.0
2022-08-29;12:16;81.0333;3764.9333;0.6;0.6;233.6667;80.0;14.4667;1043.9667;0.5;0.1;232.9333;14.0;198.7667;4235.4333;0.8;1.0333;231.7667;200.0
2022-08-29;12:17;32.33;3766.2;0.6;0.24;233.26;51.0;14.31;1044.22;0.5;0.1;233.4;14.0;204.48;4239.02;0.8;1.05;233.48;199.0
2022-08-29;12:18;26.9;3766.8;0.6;0.2;233.3;27.0;13.84;1044.4;0.5;0.1;233.04;14.0;200.0;4241.0;0.8;1.04;233.72;198.0
2022-08-29;12:19;26.975;3767.2;0.6;0.2;233.875;27.0;13.6;1044.6;0.5;0.1;232.45;14.0;200.4;4244.3;0.8;1.025;234.25;194.0
2022-08-29;12:20;26.9;3767.9;0.6;0.2;233.4;27.0;13.525;1044.9;0.5;0.1;232.2;14.0;203.575;4249.1;0.825;1.025;233.875;194.0
2022-08-29;12:21;26.8;3768.2;0.6;0.2;233.1;27.0;13.6;1045.0;0.5;0.1;231.5;14.0;192.7;4250.7;0.8;1.0;233.75;192.0
2022-08-29;12:22;27.3;3768.6;0.6;0.2;233.85;27.0;13.3;1045.3;0.5;0.1;230.3;13.0;190.3;4253.9;0.8;1.0;233.15;191.0
2022-08-29;12:23;26.7;3769.0;0.6;0.2;232.6;27.0;13.8;1045.5;0.5;0.1;232.55;14.0;190.35;4257.2;0.8;1.0;233.9;190.0
2022-08-29;12:24;26.5;3769.7;0.6;0.2;231.7;26.0;14.05;1045.75;0.5;0.1;233.4;14.0;195.0;4261.1;0.8;1.025;233.325;190.0
2022-08-29;12:25;22.8;3770.0;0.5;0.2;231.725;23.0;14.05;1045.9;0.5;0.1;233.625;14.0;193.0;4263.5;0.8;1.0;233.45;190.0
2022-08-29;12:26;19.65;3770.4;0.4;0.2;232.8;20.0;13.8;1046.2;0.5;0.1;232.9;14.0;194.45;4266.6;0.8;1.05;233.65;190.0
2022-08-29;12:27;19.75;3770.7;0.4;0.2;233.4;20.0;13.9;1046.4;0.5;0.1;233.25;14.0;188.7;4269.8;0.8;1.0;233.9;190.0
2022-08-29;12:28;19.8;3771.0;0.4;0.2;234.05;20.0;13.75;1046.6;0.5;0.1;233.75;14.0;186.4;4272.9;0.8;1.0;234.1;188.0
2022-08-29;12:29;19.7;3771.3;0.4;0.2;233.35;20.0;13.9;1046.8;0.5;0.1;233.5;14.0;188.7;4276.0;0.8;1.0;234.25;188.0
2022-08-29;12:30;19.65;3771.7;0.4;0.2;233.5;20.0;13.8;1047.1;0.5;0.1;233.4;14.0;186.6;4279.2;0.8;1.0;234.0;187.0
2022-08-29;12:31;19.55;3772.0;0.4;0.2;233.2;20.0;13.85;1047.3;0.5;0.1;233.55;14.0;188.7;4282.3;0.8;1.0;234.2;187.0
2022-08-29;12:32;52.06;3772.3;0.56;0.38;233.18;47.0;13.9;1047.5;0.5;0.1;233.58;14.0;185.06;4285.4;0.8;0.96;233.96;187.0
2022-08-29;12:33;70.975;3773.1;0.6;0.5;233.3;71.0;13.725;1047.7;0.5;0.1;233.475;14.0;188.175;4288.5;0.8;1.0;234.2;184.0
2022-08-29;12:34;93.06;3774.46;0.64;0.6;232.86;71.0;14.24;1048.04;0.5;0.1;233.34;14.0;185.36;4292.2;0.8;0.96;234.08;185.0
2022-08-29;12:35;179.6;3775.5;0.8;1.0;232.5;163.0;13.95;1048.2;0.5;0.1;233.35;14.0;183.4;4294.6;0.8;0.95;234.05;184.0
2022-08-29;12:36;226.2778;3778.5778;0.7444;1.2889;232.6556;205.0;14.0667;1048.4222;0.5;0.1;233.8444;14.0;190.1333;4298.1444;0.8;1.0;234.2889;187.0
2022-08-29;12:37;241.55;3781.6;0.7;1.4;233.65;241.0;14.05;1048.6;0.5;0.1;233.9;14.0;182.9;4300.9;0.8;0.9;235.2;184.0
2022-08-29;12:38;209.8667;3785.6;0.8333;1.1;233.6667;215.0;13.9667;1048.9;0.5;0.1;233.7667;14.0;186.0333;4303.9;0.8;0.9667;235.2;185.0
2022-08-29;12:39;194.9714;3790.0;0.9;0.9571;233.9714;194.0;14.3857;1049.15;0.5;0.1;234.0714;14.0;191.8714;4307.85;0.8;0.9857;234.8429;185.0
2022-08-29;12:40;195.15;3792.4;0.9;1.0;233.5;195.0;14.825;1049.3;0.5;0.1;234.025;15.0;186.55;4310.1;0.8;0.975;234.75;184.0
2022-08-29;12:41;195.5583;3797.8;0.9;1.0;233.4583;195.0;15.075;1049.7333;0.5;0.1;234.1083;15.0;198.1917;4315.3;0.8083;1.0167;234.75;185.0
2022-08-29;12:42;195.6;3799.9667;0.9;1.0;233.7167;196.0;14.8667;1049.8667;0.5;0.1;234.2667;15.0;171.9833;4317.4;0.7667;0.9333;234.9167;191.0
2022-08-29;12:43;195.35;3802.1;0.9;1.0;233.5;195.0;15.0;1050.0;0.5;0.1;233.95;15.0;124.1;4319.6;0.65;0.8;234.9;136.0
2022-08-29;12:44;194.35;3805.4;0.9;0.9;233.05;194.0;14.75;1050.4;0.5;0.1;233.75;15.0;122.7;4321.8;0.65;0.8;234.75;122.0
2022-08-29;12:45;193.8;3808.6;0.9;0.9;232.9333;194.0;14.3333;1050.6;0.5;0.1;234.1667;14.0;124.4;4323.9;0.7;0.8;234.4;123.0
2022-08-29;12:46;192.5333;3813.4;0.9;0.9;232.9667;193.0;14.2333;1050.95;0.5;0.1;233.9167;14.0;127.5167;4326.9;0.7;0.8167;234.1667;123.0
2022-08-29;12:47;192.1;3815.7111;0.9;0.9;232.8111;192.0;14.7;1051.1444;0.5;0.1;233.5111;14.0;130.8222;4328.3889;0.7;0.8111;234.2222;124.0
2022-08-29;12:48;191.3;3818.2;0.9;0.9;232.45;191.0;14.9;1051.3;0.5;0.1;233.65;15.0;122.45;4330.1;0.7;0.8;233.95;124.0
2022-08-29;12:49;190.5;3821.5;0.9;0.9;232.75;191.0;15.0;1051.5;0.5;0.1;233.45;15.0;121.65;4332.1;0.7;0.8;233.65;122.0
2022-08-29;12:50;190.15;3824.6;0.9;0.9;233.0;190.0;14.85;1051.8;0.5;0.1;233.55;15.0;123.7;4334.1;0.7;0.8;233.8;123.0
2022-08-29;12:51;189.05;3829.45;0.9;0.9;232.725;189.0;13.95;1052.1;0.5;0.1;232.975;14.0;128.95;4337.2;0.675;0.825;233.45;123.0
2022-08-29;12:52;188.725;3831.0;0.9;0.9;232.3;188.0;13.8;1052.2;0.5;0.1;232.125;14.0;130.575;4338.2;0.65;0.825;233.1;123.0
2022-08-29;12:53;221.8333;3834.1;0.7667;1.2333;232.2333;214.0;14.0667;1052.5;0.5;0.1;232.5333;14.0;122.9;4340.2;0.6667;0.8;232.9;123.0
2022-08-29;12:54;237.36;3840.14;0.7;1.4;231.66;237.0;14.28;1052.82;0.5;0.1;232.82;14.0;128.62;4343.6;0.62;0.84;232.94;124.0
2022-08-29;12:55;237.4;3841.7;0.7;1.4;231.5857;237.0;14.1857;1052.9;0.5;0.1;232.3143;14.0;134.1571;4344.4;0.6714;0.8429;232.9429;127.0
2022-08-29;12:56;237.2;3846.83;0.7;1.4;231.2;237.0;14.12;1053.26;0.5;0.1;232.2;14.0;129.37;4347.13;0.64;0.84;232.85;123.0
2022-08-29;12:57;236.93;3851.26;0.7;1.4;231.26;236.0;14.49;1053.48;0.5;0.1;232.32;14.0;130.26;4349.4;0.64;0.82;232.83;124.0
2022-08-29;12:58;236.65;3853.6;0.7;1.4;231.5;236.0;14.9;1053.6;0.5;0.1;232.3;15.0;121.25;4350.6;0.6;0.8;233.1;123.0
2022-08-29;12:59;193.4;3857.5;0.8667;0.9833;231.5667;208.0;14.7833;1053.9;0.5;0.1;232.1833;15.0;124.55;4352.7;0.6333;0.8;233.1833;124.0
2022-08-29;13:00;184.2;3862.8143;0.9;0.9;231.9;184.0;14.6857;1054.2143;0.5;0.1;232.2714;15.0;125.5571;4355.8429;0.6429;0.8143;232.7286;122.0
2022-08-29;13:01;183.7667;3865.1333;0.9;0.9;231.6111;184.0;13.9778;1054.4;0.5;0.1;232.0333;14.0;129.2889;4357.4333;0.6778;0.8222;232.3556;123.0
2022-08-29;13:02;183.65;3867.2;0.9;0.9;231.55;184.0;14.025;1054.6;0.5;0.1;231.8;14.0;126.525;4358.9;0.675;0.825;232.275;124.0
2022-08-29;13:03;183.4643;3871.5286;0.9;0.9;231.7;183.0;13.9571;1054.8857;0.5;0.1;231.5643;14.0;127.55;4361.8;0.6857;0.8143;232.1857;124.0
2022-08-29;13:04;175.5733;3874.5857;0.9;0.8786;231.7786;183.0;13.8286;1055.0857;0.5;0.1;231.0071;14.0;129.7071;4363.8571;0.6857;0.8214;232.3143;125.0
2022-08-29;13:05;124.6571;3877.6091;1.0;0.5864;230.9636;146.0;13.4955;1055.3636;0.5;0.1;229.8318;14.0;138.8727;4366.3;0.6864;0.8591;232.2636;124.0
2022-08-29;13:06;124.5429;3879.6;1.0;0.55;231.1357;122.0;13.5214;1055.5857;0.5;0.1;229.9214;13.0;135.9929;4368.1;0.6786;0.8429;231.9643;128.0
2022-08-29;13:07;124.4846;3881.1077;1.0;0.5385;231.2615;124.0;13.4769;1055.7308;0.5;0.1;229.8154;13.0;136.6769;4369.6231;0.6846;0.8462;232.0231;127.0
2022-08-29;13:08;124.6333;3883.5857;1.0;0.5857;231.2214;125.0;13.5929;1055.9714;0.5;0.1;230.05;14.0;130.8357;4372.15;0.6786;0.8357;230.8214;124.0
2022-08-29;13:09;124.3556;3885.1818;1.0;0.56;230.96;124.0;13.63;1056.1182;0.5;0.1;229.93;14.0;129.23;4373.6909;0.69;0.82;230.92;126.0
2022-08-29;13:10;197.3;3887.8;0.8143;1.0571;230.9286;166.0;13.7214;1056.3857;0.5;0.1;229.9571;14.0;124.4357;4376.1714;0.6929;0.8071;230.95;125.0
2022-08-29;13:11;175.165;3891.5947;0.8;0.9105;230.7474;188.0;13.9632;1056.7158;0.5;0.1;231.0579;14.0;135.2053;4378.8737;0.7;0.8526;230.7474;129.0
2022-08-29;13:12;174.7937;3894.2647;0.8;0.9;230.8824;174.0;13.8294;1056.8941;0.5;0.1;230.7235;14.0;135.6;4380.7882;0.7059;0.8529;230.6353;127.0
2022-08-29;13:13;175.705;3896.67;0.8;0.905;231.42;175.0;14.16;1057.06;0.5;0.1;230.605;14.0;133.455;4382.56;0.685;0.83;231.32;133.0
2022-08-29;13:14;176.125;3899.1833;0.8;0.9083;231.4833;176.0;14.8083;1057.25;0.5;0.1;232.0083;15.0;127.175;4384.45;0.7;0.8167;231.1833;126.0
2022-08-29;13:15;176.3769;3902.2923;0.8;0.9692;231.6923;176.0;14.8308;1057.5462;0.5;0.1;232.1077;15.0;131.5923;4386.6846;0.6846;0.8308;231.3077;125.0
2022-08-29;13:16;176.7083;3905.325;0.8;0.9958;231.8625;176.0;14.6458;1057.75;0.5;0.1;231.7542;15.0;138.4167;4388.825;0.7;0.8583;231.4042;129.0
2022-08-29;13:17;127.6813;3909.0625;0.9875;0.5312;231.7062;149.0;13.9625;1058.0875;0.5;0.1;232.15;14.0;132.3938;4391.7125;0.7;0.8375;231.5875;127.0
2022-08-29;13:18;124.25;3910.3333;1.0;0.5;231.75;124.0;13.9333;1058.2333;0.5;0.1;231.9833;14.0;128.5333;4392.85;0.7;0.8333;231.5333;128.0
2022-08-29;13:19;124.2;3912.0;1.0;0.5143;231.8286;124.0;13.9714;1058.4;0.5;0.1;232.1143;14.0;130.1429;4394.6;0.7;0.8143;231.8714;125.0
2022-08-29;13:20;124.2143;3914.85;1.0;0.5;232.0857;124.0;13.8714;1058.675;0.5;0.1;232.1;14.0;131.0;4397.55;0.6571;0.8714;231.9857;123.0
2022-08-29;13:21;124.1;3916.8;1.0;0.5;232.1;124.0;13.9667;1058.9;0.5;0.1;232.2667;14.0;128.2167;4399.4667;0.6333;0.8333;231.9333;122.0
2022-08-29;13:22;125.5625;3918.95;1.0;0.5125;231.925;124.0;13.875;1059.175;0.5;0.1;232.2375;14.0;133.7125;4401.5875;0.7;0.825;232.0125;122.0
2022-08-29;13:23;123.9;3920.2;1.0;0.5;232.0;125.0;13.75;1059.3;0.5;0.1;232.2;14.0;142.45;4402.9;0.8;0.8;231.85;137.0
2022-08-29;13:24;39.525;3923.05;0.6375;0.2375;232.7125;79.0;13.7375;1059.6;0.5;0.1;232.125;14.0;144.725;4406.35;0.7125;0.8125;231.7;142.0
2022-08-29;13:25;27.05;3923.7;0.6;0.2;232.95;27.0;13.75;1059.7;0.5;0.1;232.55;14.0;142.95;4407.6;0.7;0.8;231.65;143.0
2022-08-29;13:26;26.9;3924.1;0.6;0.2;232.55;27.0;13.75;1060.0;0.5;0.1;231.9;14.0;140.0;4409.9;0.7;0.8;231.85;142.0
2022-08-29;13:27;26.8;3924.6;0.6;0.2;232.65;27.0;13.8;1060.2;0.5;0.1;231.95;14.0;142.0;4412.4;0.7;0.8;231.8;142.0
2022-08-29;13:28;27.0;3925.0;0.6;0.2;232.7;27.0;13.75;1060.4;0.5;0.1;232.25;14.0;140.9;4414.7;0.7;0.8;231.35;142.0
2022-08-29;13:29;26.75;3925.4;0.6;0.2;232.4;27.0;13.65;1060.6;0.5;0.1;231.6;14.0;140.55;4417.1;0.7;0.8;232.15;141.0
2022-08-29;13:30;26.6;3926.1333;0.6;0.2;232.2;27.0;13.85;1060.9667;0.5;0.1;232.15;14.0;141.25;4420.2;0.7;0.8;232.35;142.0
2022-08-29;13:31;26.75;3926.4;0.6;0.2;232.3;27.0;13.95;1061.1;0.5;0.1;232.25;14.0;140.85;4421.8;0.7;0.8;231.85;141.0
2022-08-29;13:32;68.1;3926.8;0.6;0.5;232.325;53.0;14.0;1061.3;0.5;0.1;232.55;14.0;143.775;4424.1;0.7;0.825;231.95;142.0
2022-08-29;13:33;77.1667;3927.8;0.6;0.6;232.4;77.0;14.5667;1061.5;0.5;0.1;232.7667;14.0;143.7667;4426.5;0.7;0.8333;232.3333;142.0
2022-08-29;13:34;77.75;3929.0;0.6;0.6;232.025;77.0;14.075;1061.8;0.5;0.1;232.775;14.0;147.325;4428.8;0.725;0.825;232.85;142.0
2022-08-29;13:35;78.9667;3930.4;0.6;0.6;233.1667;79.0;14.1667;1062.0;0.5;0.1;233.7667;14.0;141.4667;4431.2;0.7;0.8;233.5667;142.0
2022-08-29;13:36;76.8667;3932.1333;0.6;0.5667;233.8333;80.0;14.6333;1062.3;0.5;0.1;234.3667;14.0;142.8;4434.3;0.7;0.8;234.2;142.0
2022-08-29;13:37;72.25;3933.0;0.6;0.5;233.2;73.0;15.1;1062.5;0.5;0.1;233.75;15.0;141.9;4435.9;0.7;0.8;233.9;143.0
2022-08-29;13:38;36.975;3934.2;0.45;0.325;232.975;44.0;14.95;1062.7;0.5;0.1;233.65;15.0;141.475;4438.2;0.7;0.8;233.8;142.0
2022-08-29;13:39;19.9;3934.9;0.44;0.2;233.62;20.0;14.02;1062.9;0.46;0.1;234.48;15.0;428.98;4440.6;0.82;1.86;234.08;158.0
2022-08-29;13:40;19.5667;3935.3857;0.4;0.2;233.55;20.0;13.9667;1063.3571;0.5;0.1;234.7333;14.0;221.85;4444.2;0.9;1.0833;234.6667;211.0
2022-08-29;13:41;19.5;3935.6;0.4;0.2;233.3;20.0;14.05;1063.5;0.5;0.1;234.55;14.0;216.25;4446.7;0.9;1.1;234.25;215.0
2022-08-29;13:42;19.55;3935.9;0.4;0.2;234.15;20.0;13.95;1063.7;0.5;0.1;235.0;14.0;213.0;4450.4;0.9;1.05;234.75;214.0
2022-08-29;13:43;19.5;3936.2;0.4;0.2;234.1;20.0;13.85;1063.9;0.5;0.1;234.9;14.0;212.1;4453.9;0.9;1.05;234.9;211.0
2022-08-29;13:44;19.55;3936.6;0.4;0.2;234.6;20.0;13.9;1064.2;0.5;0.1;235.25;14.0;212.85;4457.4;0.9;1.05;235.4;216.0
2022-08-29;13:45;19.7;3936.9;0.4;0.2;234.65;20.0;13.95;1064.4;0.5;0.1;234.95;14.0;209.6;4461.0;0.9;1.0;235.3;211.0
2022-08-29;13:46;92.8;3937.2;0.8;0.4667;234.9;76.0;13.7333;1064.6;0.5;0.1;234.8333;14.0;209.4;4464.5;0.9;1.0;235.4;211.0
2022-08-29;13:47;126.26;3938.5;1.0;0.5;234.9;127.0;14.3;1064.8;0.5;0.1;234.18;14.0;219.4;4468.1;0.9;1.06;235.14;210.0
2022-08-29;13:48;127.22;3940.6;1.0;0.6;235.3;127.0;14.48;1065.1;0.5;0.1;234.64;14.0;215.24;4471.6;0.88;1.04;234.34;209.0
2022-08-29;13:49;128.0;3942.7;1.0;0.6;235.4;127.0;14.4;1065.3;0.5;0.1;234.85;14.0;206.55;4475.0;0.9;1.0;234.35;207.0
2022-08-29;13:50;128.45;3944.8;1.0;0.6;235.0;128.0;14.5;1065.5;0.5;0.1;234.55;14.0;207.05;4478.5;0.9;1.0;235.05;206.0
2022-08-29;13:51;128.85;3946.9;1.0;0.6;235.5;128.0;13.7;1065.8;0.5;0.1;234.75;14.0;210.5;4481.9;0.9;1.025;234.625;208.0
2022-08-29;13:52;129.15;3949.1;1.0;0.6;235.65;129.0;13.55;1066.0;0.5;0.1;234.2;14.0;206.5;4485.3;0.9;1.0;235.75;205.0
2022-08-29;13:53;161.5;3951.2;0.9;0.8;236.1;156.0;13.5;1066.2;0.5;0.1;234.6;14.0;207.7;4488.8;0.9;1.0;236.0667;207.0
2022-08-29;13:54;178.34;3955.6;0.8;1.0;231.56;178.0;13.18;1066.58;0.5;0.1;230.66;13.0;208.98;4494.24;0.88;1.02;232.12;205.0
2022-08-29;13:55;178.675;3956.8;0.8;1.0;231.525;179.0;13.1;1066.7;0.5;0.1;231.05;13.0;208.05;4495.6;0.8;1.025;232.225;205.0
2022-08-29;13:56;179.5714;3960.5857;0.8;1.0;231.9286;179.0;14.0714;1066.9571;0.5;0.1;231.3714;14.0;215.2571;4500.0;0.8714;1.0857;231.7857;206.0
2022-08-29;13:57;179.6;3962.8;0.8;1.0;231.9;179.0;14.05;1067.1;0.5;0.1;231.9;14.0;213.1;4502.5;0.85;1.05;232.65;205.0
2022-08-29;13:58;180.1;3965.7;0.8;1.0;232.1;179.0;14.15;1067.3;0.5;0.1;231.7;14.0;203.9;4505.9;0.8;1.0;231.6;205.0
2022-08-29;13:59;140.1;3969.425;0.95;0.7;231.2;151.0;13.875;1067.65;0.5;0.1;231.275;14.0;205.25;4510.125;0.85;1.025;231.775;202.0
2022-08-29;14:00;127.2;3971.3;1.0;0.6;231.65;127.0;13.1;1067.8;0.5;0.1;231.3;13.0;204.65;4512.6;0.8;1.0;231.6;203.0
2022-08-29;14:01;127.0111;3974.3333;1.0;0.6;232.1556;127.0;13.6556;1068.0889;0.5;0.1;232.1;13.0;153.8333;4517.4333;0.7333;0.8556;232.3889;181.0
2022-08-29;14:02;126.8333;3975.5;1.0;0.6;231.8;127.0;13.35;1068.2;0.5;0.1;231.8;13.0;144.4667;4519.1;0.7167;0.85;231.85;143.0
2022-08-29;14:03;126.5;3977.6;1.0;0.6;231.2;126.0;13.45;1068.4;0.5;0.1;231.85;13.0;141.85;4521.4;0.7;0.8;231.4;141.0
2022-08-29;14:04;126.0;3981.0364;1.0;0.6;230.9364;126.0;13.6;1068.8273;0.5;0.1;232.1455;14.0;156.7545;4525.2636;0.7545;0.8818;231.9545;142.0
2022-08-29;14:05;126.1167;3982.5;1.0;0.6;231.5417;126.0;14.4;1068.9667;0.5;0.1;232.2833;14.0;151.8417;4526.9333;0.7333;0.8583;231.9167;149.0
2022-08-29;14:06;125.8737;3984.6737;1.0;0.6;231.1421;126.0;14.3526;1069.1737;0.5;0.1;232.0737;14.0;149.9211;4529.4842;0.7474;0.8526;231.5789;148.0
2022-08-29;14:07;125.8067;3986.7;1.0;0.6;231.52;126.0;14.08;1069.4;0.5;0.1;231.3267;14.0;144.7667;4531.8;0.7333;0.8267;231.36;145.0
2022-08-29;14:08;125.8667;3988.1;1.0;0.6;231.6333;126.0;14.0333;1069.6;0.5;0.1;231.1667;14.0;143.3833;4533.4;0.7167;0.8167;231.5167;142.0
2022-08-29;14:09;125.3714;3990.5143;1.0;0.6;230.6429;125.0;14.3714;1069.8286;0.5;0.1;230.3286;14.0;153.5143;4536.1429;0.7429;0.8714;230.8429;145.0
2022-08-29;14:10;125.05;3992.4;1.0;0.6;230.9;125.0;13.8;1070.0;0.5;0.1;230.125;14.0;175.8;4538.2;0.8;0.925;231.75;171.0
2022-08-29;14:11;125.1;3995.72;1.0;0.58;231.24;125.0;13.86;1070.38;0.5;0.1;230.84;14.0;178.26;4542.74;0.8;0.92;231.22;172.0
2022-08-29;14:12;125.0333;3996.9333;1.0;0.575;231.3667;123.0;13.275;1070.5333;0.4917;0.1;230.525;13.0;204.5667;4544.3667;0.8333;1.0417;231.6;173.0
2022-08-29;14:13;124.4667;3999.7667;1.0;0.5222;230.8;124.0;12.5667;1070.8111;0.4111;0.1;230.9667;13.0;303.8333;4549.3667;0.8667;1.4889;231.3889;289.0
2022-08-29;14:16;174.38;4006.82;0.8;0.9;230.53;2.96;13.68;1071.35;0.5;0.1;230.17;0.22;305.25;4562.65;0.9;1.52;230.78;5.13
2022-08-29;14:17;174.93;4010.74;0.8;0.9;230.64;2.98;13.22;1071.62;0.42;0.1;230.6;0.22;323.32;4569.52;0.9;1.56;231.38;5.17
2022-08-29;14:18;175.3;4011.9;0.8;0.91;230.94;2.98;13.07;1071.7;0.43;0.1;230.57;0.22;325.64;4571.6;0.9;1.6;231.77;5.36
2022-08-29;14:19;175.75;4016.73;0.8;0.92;231.03;2.98;13.53;1072.13;0.47;0.1;231.7;0.22;317.97;4580.27;0.9;1.53;231.68;5.32
2022-08-29;14:20;134.54;4018.12;0.96;0.6;231.16;2.53;13.66;1072.23;0.5;0.1;231.78;0.24;316.04;4582.87;0.9;1.54;231.78;5.32
2022-08-29;14:21;124.43;4020.2;1.0;0.5;231.83;2.11;13.4;1072.4;0.47;0.1;232.17;0.22;323.03;4587.2;0.9;1.57;231.53;5.34
2022-08-29;14:22;124.15;4022.2;1.0;0.5;231.6;2.11;13.4;1072.6;0.45;0.1;232.2;0.22;315.75;4592.5;0.9;1.55;232.3;5.32
2022-08-29;14:23;123.95;4025.3;1.0;0.5;231.38;2.11;13.6;1072.95;0.43;0.1;231.38;0.22;325.27;4600.3;0.9;1.6;232.15;5.36
2022-08-29;14:24;124.0;4027.0;1.0;0.5;231.43;2.11;13.87;1073.17;0.5;0.1;232.3;0.24;328.3;4604.7;0.9;1.57;231.37;5.39
2022-08-29;14:25;193.25;4028.4;0.82;1.01;231.06;2.82;13.81;1073.3;0.5;0.1;232.26;0.24;325.81;4608.3;0.9;1.56;231.81;5.44
2022-08-29;14:26;183.4;4031.1;0.8;0.97;230.87;3.2;13.7;1073.5;0.5;0.1;232.2;0.24;316.83;4613.6;0.9;1.53;231.7;5.39
2022-08-29;14:27;174.43;4035.65;0.8;0.9;230.85;2.96;14.03;1073.85;0.5;0.1;232.25;0.24;322.52;4621.5;0.9;1.52;231.68;5.34
2022-08-29;14:28;174.75;4037.1;0.8;0.9;230.65;2.98;14.1;1074.0;0.5;0.1;232.25;0.24;314.45;4624.1;0.9;1.55;231.6;5.37
2022-08-29;14:29;174.68;4041.55;0.8;0.9;230.6;2.98;13.9;1074.3;0.5;0.1;232.57;0.24;324.35;4632.0;0.9;1.55;231.5;5.36
2022-08-29;14:30;234.9;4044.44;0.72;1.37;230.73;3.74;13.42;1074.48;0.49;0.1;232.8;0.24;326.72;4636.78;0.9;1.56;231.8;5.37
2022-08-29;14:31;239.81;4047.55;0.7;1.4;230.83;4.05;13.4;1074.67;0.5;0.1;232.84;0.22;332.43;4641.19;0.9;1.58;231.98;5.47
2022-08-29;14:32;192.93;4050.6;0.87;0.97;231.3;3.65;13.13;1074.9;0.5;0.1;232.77;0.22;315.63;4645.3;0.9;1.53;231.87;5.37
2022-08-29;14:33;126.53;4054.1;0.83;0.63;231.17;2.79;13.0;1075.1;0.5;0.1;232.6;0.22;311.23;4650.5;0.9;1.5;231.7;5.32
2022-08-29;14:34;94.15;4056.9;0.8;0.5;231.3;1.6;13.8;1075.3;0.5;0.1;232.8;0.24;312.05;4655.7;0.9;1.5;231.75;5.29
2022-08-29;14:35;94.17;4059.47;0.8;0.5;231.5;1.6;13.77;1075.63;0.5;0.1;232.19;0.24;324.91;4664.47;0.9;1.54;232.14;5.37
2022-08-29;14:36;93.8;4060.0;0.8;0.5;231.62;1.6;13.67;1075.7;0.5;0.1;232.13;0.24;327.23;4666.2;0.9;1.55;232.05;5.41
2022-08-29;14:37;92.78;4061.5;0.8;0.5;231.22;1.58;13.0;1076.0;0.5;0.1;231.74;0.22;329.24;4671.5;0.9;1.56;231.96;5.37
2022-08-29;14:38;92.35;4063.1;0.8;0.5;231.32;1.56;12.9;1076.2;0.5;0.1;231.9;0.22;324.93;4676.8;0.9;1.58;232.07;5.32
2022-08-29;14:39;91.4;4065.5;0.8;0.5;231.67;1.56;12.85;1076.52;0.5;0.1;232.05;0.22;328.51;4685.12;0.9;1.55;232.48;5.34
2022-08-29;14:40;90.7;4066.77;0.8;0.5;231.51;1.55;12.81;1076.69;0.5;0.1;231.89;0.22;331.14;4689.6;0.9;1.56;232.39;5.39
2022-08-29;14:41;89.8;4067.6;0.8;0.5;231.44;1.53;12.86;1076.8;0.5;0.1;231.92;0.22;318.88;4692.6;0.9;1.5;232.34;5.39
2022-08-29;14:42;89.45;4069.1;0.8;0.5;231.55;1.51;12.95;1077.0;0.5;0.1;231.9;0.22;311.9;4697.8;0.9;1.5;232.45;5.34
2022-08-29;14:43;89.35;4070.7;0.8;0.5;232.65;1.51;12.8;1077.2;0.45;0.1;232.45;0.22;314.1;4703.1;0.9;1.5;233.1;5.32
2022-08-29;14:44;88.3;4072.42;0.8;0.5;231.34;1.5;12.92;1077.54;0.44;0.1;231.98;0.22;324.56;4709.34;0.9;1.56;231.48;5.37
2022-08-29;14:45;83.03;4073.7;0.8;0.5;231.27;1.46;12.8;1077.7;0.4;0.1;231.43;0.22;312.03;4713.5;0.9;1.5;231.1;5.32
2022-08-29;14:46;84.63;4075.75;0.78;0.5;230.72;1.36;13.02;1078.0;0.46;0.1;231.21;0.22;330.73;4721.3;0.9;1.58;230.63;5.22
2022-08-29;14:47;128.82;4076.4;0.6;1.0;230.87;1.77;12.88;1078.1;0.45;0.1;231.22;0.22;316.83;4723.9;0.9;1.52;230.62;5.37
2022-08-29;14:48;129.44;4078.9;0.6;1.0;230.97;2.19;13.02;1078.37;0.47;0.1;231.82;0.22;323.6;4730.83;0.9;1.55;231.1;5.32
2022-08-29;14:49;130.62;4080.74;0.6;1.0;231.42;2.21;11.88;1078.54;0.44;0.1;232.52;0.22;749.96;4735.42;0.9;3.6;231.16;5.64
2022-08-29;14:50;130.55;4083.1;0.6;1.0;231.62;2.23;13.07;1078.79;0.48;0.1;232.88;0.22;395.08;4741.7;0.9;1.85;232.08;6.49
2022-08-29;14:51;130.75;4084.6;0.6;1.0;231.7;2.21;12.8;1079.0;0.4;0.1;232.65;0.22;393.7;4746.2;0.9;1.85;232.6;6.65
2022-08-29;14:52;121.98;4088.16;0.6;1.0;231.46;2.23;12.78;1079.32;0.4;0.1;232.26;0.22;400.36;4756.6;0.9;1.86;232.06;6.65
2022-08-29;14:53;78.45;4089.0;0.8;0.43;231.21;1.75;13.18;1079.4;0.41;0.1;232.22;0.22;399.21;4759.2;0.9;1.86;231.69;6.58
2022-08-29;14:54;78.23;4090.7;0.8;0.4;231.7;1.33;12.95;1079.6;0.45;0.1;232.45;0.22;380.85;4765.8;0.9;1.8;232.2;6.51
2022-08-29;14:55;185.87;4092.0;0.78;1.18;232.1;1.89;13.62;1079.8;0.43;0.1;232.57;0.22;392.75;4772.1;0.9;1.83;232.62;6.54
2022-08-29;14:56;185.17;4093.9;0.9;0.9;232.25;3.15;13.45;1080.0;0.4;0.1;232.47;0.22;401.75;4778.6;0.9;1.85;232.5;6.56
2022-08-29;14:57;184.2;4096.9;0.9;0.9;231.9;3.13;13.65;1080.2;0.45;0.1;232.4;0.24;380.3;4785.0;0.9;1.8;232.2;6.46
2022-08-29;14:58;185.0;4100.1;0.9;0.9;232.15;3.15;13.55;1080.5;0.4;0.1;232.95;0.24;383.85;4791.3;0.9;1.8;232.7;6.51
2022-08-29;14:59;166.03;4104.17;0.93;0.8;231.93;3.15;13.53;1080.77;0.4;0.1;232.93;0.24;381.3;4799.8;0.9;1.8;232.83;6.44
2022-08-29;15:00;127.2;4107.03;1.0;0.6;231.55;2.33;13.4;1080.97;0.4;0.1;232.75;0.22;377.0;4806.1;0.9;1.8;232.5;6.43
2022-08-29;15:01;127.52;4109.97;1.0;0.6;231.65;2.16;12.57;1081.23;0.4;0.1;232.6;0.22;387.92;4814.5;0.9;1.83;232.45;6.46
2022-08-29;15:02;127.7;4112.27;1.0;0.6;232.0;2.18;12.65;1081.52;0.4;0.1;232.75;0.22;384.82;4821.4;0.9;1.82;232.73;6.48
2022-08-29;15:03;127.45;4114.2;1.0;0.6;231.4;2.16;13.07;1081.73;0.4;0.1;232.43;0.22;385.63;4827.2;0.9;1.83;232.37;6.44
2022-08-29;15:04;127.4;4115.6;1.0;0.6;231.0;2.16;13.27;1081.87;0.4;0.1;232.2;0.22;382.63;4831.43;0.9;1.8;232.1;6.56
2022-08-29;15:05;127.15;4118.05;1.0;0.6;230.65;2.16;13.55;1082.1;0.45;0.1;231.75;0.24;375.55;4838.85;0.9;1.8;231.45;6.41
2022-08-29;15:06;127.05;4120.15;1.0;0.6;230.75;2.16;13.5;1082.3;0.4;0.1;231.55;0.22;376.95;4845.1;0.9;1.8;231.25;6.41
2022-08-29;15:07;138.42;4122.08;0.96;0.68;230.68;2.16;13.28;1082.48;0.4;0.1;231.46;0.22;380.76;4850.76;0.9;1.82;231.22;6.41
2022-08-29;15:08;174.2;4124.65;0.8;0.95;230.75;2.58;12.75;1082.75;0.43;0.1;231.2;0.22;374.0;4857.75;0.9;1.8;231.53;6.43
